[TV1]
Best_Chromosome: [0 1 1 1 0 0 1 0 1 0 0 0 0 1 1 0 1 1 1 1]
測試結果:
K =  16
score: 0.61875
[94477]

[TV2]
Best_Chromosome: [0 0 1 1 1 0 1 0 0 0 0 0 1 1 1 1 1 1 1 1]
測試結果:
K =  16
score: 0.6327272727272727
[112815]

[TV3]
Best_Chromosome: [0 1 0 1 1 0 1 0 0 1 1 0 0 0 1 0 1 1 1 1]
測試結果:
K =  16
score: 0.63
[148567]

[TV4]
Best_Chromosome: [0 1 1 1 1 0 1 0 0 1 1 0 0 1 1 1 1 1 1 1]
測試結果:
K =  16
score: 0.6222222222222222
[69255]

[TV5]
Best_Chromosome: [1 1 1 1 1 1 0 0 0 1 0 1 1 1 1 1 1 1 0 1]
測試結果:
K =  14
score: 0.6225
[79733]

[TV6]
Best_Chromosome: [0 1 1 1 1 1 0 0 0 0 1 0 1 1 1 0 1 1 1 1]
測試結果:
K =  16
score: 0.6442857142857142
[63353]

[TV7]
Best_Chromosome: [0 1 1 1 0 1 1 0 1 1 0 1 1 1 1 1 1 1 1 1]
測試結果:
K =  16
score: 0.6525
[58459]

[TV8]
Best_Chromosome: [0 1 1 1 1 1 0 0 0 1 1 1 0 1 0 1 1 1 1 1]
測試結果:
K =  16
score: 0.665
[40939]

[TV9]
Best_Chromosome: [0 1 0 1 0 1 1 1 0 0 1 1 1 0 1 1 1 1 1 1]
測試結果:
K =  16
score: 0.6875
[37585]

[TV10]
Best_Chromosome: [0 1 1 1 1 0 0 0 1 0 1 1 1 0 0 0 1 1 1 1]
測試結果:
K =  16
score: 0.725
[33101]

[TV11]
Best_Chromosome: [0 1 1 1 1 1 1 1 1 1 0 0 1 0 1 1 1 1 1 1]
測試結果:
K =  16
score: 0.77
[47444]

IRR: [22.649563966182917, 27.419731258123313, 34.962649316339146, 27.366845191232024, 34.52575668780009, 36.02785950923351, 42.35419717047626, 42.2441149859661, 55.47892105793291, 81.9368022143953, 374.44000000000005]
