[Generation 1]
Best chromosome: [1 1 1 1 0 1 0 1 1 1 1 1 1 0 0 1 0 1 1 1 0 1 1 0 0 1 1 1 1 1 1 1 1 0 1 1 1
 0 0 0]
Best fitness: 0.695
Avg fitness: 0.6155625

[Generation 2]
Best chromosome: [1 1 1 1 1 1 1 1 1 1 1 1 1 0 0 1 0 1 1 1 0 1 1 0 0 1 1 1 1 1 1 1 1 0 1 1 1
 0 0 0]
Best fitness: 0.7033333333
Avg fitness: 0.6269583333

[Generation 3]
Best chromosome: [0 0 1 1 1 1 0 1 1 1 1 1 1 0 0 1 0 0 1 1 0 1 1 0 0 1 1 1 1 1 1 1 1 0 1 1 1
 0 0 0]
Best fitness: 0.7216666667
Avg fitness: 0.6417916667

[Generation 4]
Best chromosome: [1 0 1 1 1 1 1 1 1 0 0 1 1 0 1 0 0 0 1 1 1 0 0 1 1 1 1 1 1 1 1 1 1 0 1 1 1
 0 0 0]
Best fitness: 0.7266666667
Avg fitness: 0.6548958333

[Generation 5]
Best chromosome: [1 0 1 1 1 1 1 1 1 0 0 1 1 0 1 0 0 0 1 1 1 0 0 1 1 1 1 1 1 1 1 1 1 0 1 1 1
 0 0 0]
Best fitness: 0.7266666667
Avg fitness: 0.6663333333

[Generation 6]
Best chromosome: [1 0 1 1 1 1 1 1 1 0 0 1 1 0 1 0 0 0 1 1 1 0 0 1 1 1 1 1 1 1 1 1 1 0 1 1 1
 0 0 0]
Best fitness: 0.7266666667
Avg fitness: 0.6884583333

[Generation 7]
Best chromosome: [1 0 1 1 1 1 1 1 1 0 0 1 1 0 1 0 0 0 1 1 1 0 0 1 1 1 1 1 1 1 1 1 1 0 1 1 1
 0 0 0]
Best fitness: 0.7266666667
Avg fitness: 0.6936666667

[Generation 8]
Best chromosome: [1 0 1 1 1 1 1 1 1 0 0 1 1 0 1 0 0 0 1 1 0 1 1 0 0 1 1 1 1 1 1 1 1 0 1 1 1
 0 0 0]
Best fitness: 0.7283333333
Avg fitness: 0.7050208333

[Generation 9]
Best chromosome: [1 0 1 1 1 1 1 1 1 0 0 1 1 0 1 0 0 0 1 1 1 0 0 1 0 0 1 1 1 1 1 1 1 0 1 1 1
 0 0 0]
Best fitness: 0.735
Avg fitness: 0.7122083333

[Generation 10]
Best chromosome: [1 0 1 1 1 1 0 1 1 1 1 1 1 0 0 1 0 0 0 1 0 1 1 0 0 1 1 1 1 1 1 1 1 0 1 1 1
 0 0 0]
Best fitness: 0.7366666667
Avg fitness: 0.7166041667

[Generation 11]
Best chromosome: [1 0 1 1 1 1 1 1 1 0 0 1 1 0 0 1 0 0 1 1 0 1 1 1 0 0 1 1 1 1 1 1 1 1 1 1 1
 0 0 0]
Best fitness: 0.7383333333
Avg fitness: 0.7204583333

[Generation 12]
Best chromosome: [1 0 1 1 1 1 1 1 1 0 0 1 1 0 1 0 0 0 1 0 0 0 1 1 0 0 1 1 1 1 1 1 1 0 1 1 1
 0 0 0]
Best fitness: 0.7383333333
Avg fitness: 0.7238958333

[Generation 13]
Best chromosome: [1 0 1 1 1 1 1 1 1 0 0 1 1 0 0 1 0 0 1 1 0 1 1 1 0 0 1 1 1 1 1 1 1 1 1 1 1
 0 0 0]
Best fitness: 0.7383333333
Avg fitness: 0.7261875

[Generation 14]
Best chromosome: [1 0 1 1 1 1 1 1 1 0 0 1 1 0 1 0 0 0 1 0 0 0 1 1 0 0 1 1 1 1 1 1 1 0 1 1 1
 0 0 0]
Best fitness: 0.7383333333
Avg fitness: 0.7293541667

[Generation 15]
Best chromosome: [1 0 1 1 1 1 1 1 1 0 0 1 1 0 0 0 0 0 1 1 1 0 0 1 0 0 1 1 1 1 1 1 1 0 1 1 1
 0 0 0]
Best fitness: 0.75
Avg fitness: 0.7313333333

[Generation 16]
Best chromosome: [1 0 1 1 1 1 1 1 1 0 0 1 1 0 0 0 0 0 1 1 1 0 0 1 0 0 1 1 1 1 1 1 1 0 1 1 1
 0 0 0]
Best fitness: 0.75
Avg fitness: 0.7340208333

[Generation 17]
Best chromosome: [1 0 1 1 1 1 1 1 1 0 0 1 1 0 0 0 0 0 1 1 1 0 0 1 0 0 1 1 1 1 1 1 1 0 1 1 1
 0 0 0]
Best fitness: 0.75
Avg fitness: 0.7344375

[Generation 18]
Best chromosome: [1 0 1 1 1 1 1 1 1 0 0 1 1 0 0 0 0 0 1 1 1 0 0 1 0 0 1 1 1 1 1 1 1 0 1 1 1
 0 0 0]
Best fitness: 0.75
Avg fitness: 0.7352291667

[Generation 19]
Best chromosome: [1 0 1 1 1 1 1 1 1 0 0 1 1 0 0 0 0 0 1 1 1 0 1 1 0 0 1 1 1 1 1 1 1 0 1 1 1
 0 0 0]
Best fitness: 0.75
Avg fitness: 0.736875

[Generation 20]
Best chromosome: [1 0 1 1 1 1 1 1 1 0 0 1 1 0 0 0 0 0 1 1 1 0 1 1 0 0 1 1 1 1 1 1 1 0 1 1 1
 0 0 0]
Best fitness: 0.75
Avg fitness: 0.7369166667

[Generation 21]
Best chromosome: [1 0 1 1 1 1 1 1 1 0 0 1 1 0 0 0 0 0 1 1 1 0 0 1 0 0 1 1 1 1 1 1 1 0 1 1 1
 0 0 0]
Best fitness: 0.75
Avg fitness: 0.7371875

[Generation 22]
Best chromosome: [1 0 1 1 1 1 1 1 1 0 0 1 1 0 0 0 0 0 1 1 1 0 1 1 0 0 1 1 1 1 1 1 1 0 1 1 1
 0 0 0]
Best fitness: 0.75
Avg fitness: 0.7406458333

[Generation 23]
Best chromosome: [1 0 1 1 1 1 1 1 1 0 0 1 1 0 0 0 0 0 1 1 1 0 0 1 0 0 1 1 1 1 1 1 1 0 1 1 1
 0 0 0]
Best fitness: 0.75
Avg fitness: 0.7417083333

[Generation 24]
Best chromosome: [1 0 1 1 1 1 1 1 1 0 0 1 1 0 0 0 0 0 1 1 1 0 0 1 0 0 1 1 1 1 1 1 1 0 1 1 1
 0 0 0]
Best fitness: 0.75
Avg fitness: 0.7436875

[Generation 25]
Best chromosome: [1 0 1 1 1 1 1 1 1 0 0 1 1 0 0 0 0 0 1 1 1 0 1 1 0 0 1 1 1 1 1 1 1 0 1 1 1
 0 0 0]
Best fitness: 0.75
Avg fitness: 0.7470625

[Generation 26]
Best chromosome: [1 0 1 1 1 1 1 1 1 0 0 1 1 0 0 0 0 0 1 1 1 0 0 1 0 0 1 1 1 1 1 1 1 0 1 1 1
 0 0 0]
Best fitness: 0.75
Avg fitness: 0.75

[Generation 27]
Best chromosome: [1 0 1 1 1 1 1 1 1 0 0 1 1 0 0 0 0 0 1 1 1 0 0 1 0 0 1 1 1 1 1 1 1 0 1 1 1
 0 0 0]
Best fitness: 0.75
Avg fitness: 0.75

[Generation 28]
Best chromosome: [1 0 1 1 1 1 1 1 1 0 0 1 1 0 0 0 0 0 1 1 1 0 0 1 0 0 1 1 1 1 1 1 1 0 1 1 1
 0 0 0]
Best fitness: 0.75
Avg fitness: 0.75

[TV10]
Best_Chromosome: [1 0 1 1 1 1 1 1 1 0 0 1 1 0 0 0 0 0 1 1 1 0 0 1 0 0 1 1 1 1 1 1 1 0 1 1 1
 0 0 0]
測試結果:
[0. 0. 0. 0. 0. 1. 1. 0. 0. 0. 0. 0. 0. 0. 0. 0. 0. 0. 1. 0. 0. 0. 0. 0.
 0. 0. 0. 0. 0. 0. 0. 0. 0. 0. 0. 0. 0. 0. 0. 1. 0. 0. 0. 0. 0. 0. 0. 0.
 0. 0. 0. 0. 0. 0. 0. 0. 0. 0. 1. 0. 0. 0. 0. 0. 0. 0. 0. 0. 0. 1. 0. 0.
 0. 0. 1. 0. 0. 0. 0. 0. 0. 0. 0. 0. 0. 0. 0. 0. 0. 0. 0. 0. 0. 0. 0. 0.
 0. 0. 0. 0. 0. 0. 0. 0. 0. 0. 0. 0. 0. 0. 0. 0. 0. 0. 0. 0. 0. 0. 0. 0.
 0. 0. 0. 0. 0. 0. 1. 0. 0. 0. 0. 0. 0. 0. 0. 0. 1. 1. 1. 0. 1. 0. 0. 1.
 0. 1. 0. 1. 0. 0. 0. 0. 0. 0. 0. 0. 1. 0. 1. 0. 1. 0. 0. 0. 0. 0. 0. 0.
 0. 0. 1. 0. 0. 0. 0. 0. 0. 0. 0. 0. 1. 0. 1. 0. 0. 0. 0. 1. 0. 0. 0. 0.
 0. 0. 1. 0. 0. 0. 0. 1. 0. 0. 0. 1. 0. 0. 0. 0. 0. 0. 1. 0. 0. 0. 0. 0.
 1. 0. 1. 0. 0. 0. 0. 1. 1. 0. 1. 1. 0. 0. 0. 1. 0. 0. 0. 0. 1. 1. 0. 0.
 0. 0. 0. 1. 0. 0. 0. 1. 0. 0. 0. 1. 1. 0. 1. 0. 0. 1. 1. 1. 0. 0. 0. 0.
 1. 1. 0. 0. 0. 0. 1. 0. 0. 0. 0. 0. 0. 0. 0. 0. 0. 0. 0. 1. 0. 1. 1. 0.
 0. 1. 0. 1. 0. 0. 1. 0. 0. 0. 1. 0. 1. 0. 0. 0. 0. 1. 0. 1. 0. 1. 0. 1.
 1. 0. 0. 0. 1. 0. 0. 1. 1. 0. 0. 1. 0. 0. 1. 0. 0. 0. 0. 0. 0. 1. 0. 0.
 0. 0. 1. 0. 0. 0. 0. 0. 0. 1. 0. 0. 0. 0. 1. 0. 0. 1. 0. 1. 0. 1. 0. 1.
 0. 0. 0. 0. 0. 1. 0. 0. 0. 0. 0. 0. 0. 0. 0. 0. 0. 1. 1. 1. 0. 0. 0. 0.
 0. 1. 1. 0. 0. 0. 0. 0. 0. 1. 0. 0. 0. 0. 0. 0. 0. 0. 0. 0. 0. 0. 0. 0.
 0. 0. 0. 0. 0. 0. 0. 0. 0. 0. 0. 0. 0. 0. 0. 0. 0. 0. 0. 0. 0. 0. 0. 0.
 0. 0. 0. 0. 0. 0. 0. 0. 0. 0. 0. 0. 0. 0. 0. 0. 0. 0. 0. 0. 0. 0. 0. 0.
 0. 0. 0. 0. 0. 0. 0. 0. 0. 0. 0. 0. 0. 0. 0. 0. 0. 0. 0. 0. 0. 0. 0. 0.
 0. 0. 0. 0. 0. 0. 0. 0. 0. 0. 0. 0. 0. 0. 0. 0. 0. 0. 0. 0. 0. 0. 0. 0.
 0. 0. 0. 0. 0. 0. 0. 0. 0. 0. 0. 0. 0. 0. 0. 0. 0. 0. 0. 0. 0. 0. 0. 0.
 0. 0. 0. 0. 0. 0. 0. 0. 0. 0. 0. 0. 0. 0. 0. 0. 0. 0. 0. 0. 0. 0. 0. 0.
 0. 0. 0. 0. 0. 1. 1. 0. 0. 0. 0. 0. 0. 0. 0. 0. 0. 0. 0. 0. 0. 0. 0. 0.
 0. 0. 0. 0. 0. 0. 0. 0. 0. 0. 0. 0. 0. 0. 0. 0. 0. 0. 0. 0. 0. 0. 0. 0.]
score: 0.75
