[TV1]
Best_Chromosome: [0 1 1 1 0 0 1 1 0 0 0 0 0 1 1 0 0 1 1 1 0 1 1 1 1 1 1 1 1 0 0 1 0 1 0 0 1
 1 1 0]
測試結果:
score: 0.6233333333333333
strategy_money:  88531

[TV2]
Best_Chromosome: [0 1 1 1 1 0 0 1 1 1 0 0 0 0 1 1 0 0 0 1 1 0 1 1 1 1 1 1 1 0 1 1 1 0 1 0 1
 0 0 0]
測試結果:
score: 0.6322727272727273
strategy_money:  140272

[TV3]
Best_Chromosome: [0 1 1 1 0 0 0 1 1 1 1 1 1 1 0 0 0 0 0 0 1 1 1 1 0 0 1 1 1 1 1 1 1 1 1 1 1
 0 0 1]
測試結果:
score: 0.6415
strategy_money:  196036

[TV4]
Best_Chromosome: [0 1 0 1 0 1 1 0 1 1 1 1 1 1 1 1 0 0 0 0 0 1 1 0 1 1 0 1 0 1 1 1 1 1 0 1 1
 1 1 1]
測試結果:
score: 0.6344444444444445
strategy_money:  88110

[TV5]
Best_Chromosome: [0 0 1 1 1 1 1 1 1 1 1 0 1 1 1 1 0 0 0 1 0 1 1 1 0 0 1 1 1 1 1 1 1 1 1 1 1
 1 0 1]
測試結果:
score: 0.64125
strategy_money:  99518

[TV6]
Best_Chromosome: [1 1 1 1 0 0 0 1 1 1 1 0 1 0 0 0 0 0 0 1 1 1 1 1 0 0 1 1 1 1 1 1 1 1 1 0 1
 0 1 0]
測試結果:
score: 0.6578571428571428
strategy_money:  121525

[TV7]
Best_Chromosome: [0 0 1 1 1 1 0 1 1 0 1 1 1 0 1 1 0 0 0 0 1 1 1 1 0 0 1 1 0 1 1 1 1 0 1 0 0
 0 1 1]
測試結果:
score: 0.6716666666666666
strategy_money:  83709

[TV8]
Best_Chromosome: [0 1 1 1 0 0 0 0 1 1 1 1 1 0 1 1 0 0 0 1 1 1 0 1 0 1 1 1 0 1 1 1 1 1 1 0 1
 1 1 1]
測試結果:
score: 0.692
strategy_money:  59033

[TV9]
Best_Chromosome: [0 1 0 0 1 0 1 1 0 1 1 0 1 1 1 1 0 0 1 1 1 1 1 1 0 0 0 0 1 1 1 1 1 1 1 1 0
 0 0 1]
測試結果:
score: 0.69375
strategy_money:  50595

[TV10]
Best_Chromosome: [0 1 1 1 0 1 1 1 1 0 1 0 1 0 1 1 0 0 0 1 1 1 1 0 0 0 0 1 1 0 1 1 1 0 1 1 1
 0 1 1]
測試結果:
score: 0.7316666666666667
strategy_money:  38919

[TV11]
Best_Chromosome: [1 1 1 1 1 1 1 1 1 1 1 1 0 0 1 0 0 0 0 1 0 0 0 1 0 0 1 1 1 1 1 1 1 1 0 1 0
 0 0 1]
測試結果:
score: 0.8275
strategy_money:  59477

IRR: [21.92691322312641, 30.225819448867263, 39.18513988831804, 31.2587155685228, 38.85367451509338, 51.627370985757004, 52.951743106394055, 55.874011932349774, 71.67321222200962, 97.27899026505584, 494.77000000000004]
